3 0.24921875 0.615625 0.06484375 0.16640625
5 0.5 0.671875 0.0671875 0.175
3 0.33828125 0.54296875 0.0296875 0.1453125
5 0.28984375 0.36171875 0.0296875 0.13046875
3 0.3734375 0.54296875 0.03828125 0.15234375
3 0.72578125 0.4734375 0.046875 0.14296875
3 0.63984375 0.46171875 0.0671875 0.13671875
3 0.3421875 0.4359375 0.02578125 0.07890625
3 0.43125 0.3890625 0.059375 0.0984375
3 0.50546875 0.4140625 0.0375 0.1234375
3 0.47734375 0.39765625 0.03046875 0.10703125
3 0.58828125 0.40703125 0.0546875 0.10625
0 0.74296875 0.45859375 0.0109375 0.01796875
5 0.76015625 0.37421875 0.0265625 0.1046875
1 0.62734375 0.309375 0.02421875 0.06875
6 0.65390625 0.31796875 0.02421875 0.06328125
1 0.68671875 0.3234375 0.03046875 0.071875
6 0.72109375 0.32890625 0.0265625 0.06953125
7 0.8078125 0.9578125 0.05859375 0.08359375
7 0.875 0.96328125 0.06484375 0.0734375
7 0.1296875 0.4328125 0.028125 0.071875
4 0.21640625 0.39375 0.03984375 0.08671875
7 0.065625 0.353125 0.02265625 0.09765625
7 0.5875 0.23046875 0.02265625 0.0640625
7 0.56796875 0.28359375 0.0203125 0.04609375