5 0.2703125 0.70625 0.059375 0.14453125
3 0.2203125 0.63359375 0.0578125 0.13046875
3 0.26796875 0.63828125 0.04921875 0.12890625
3 0.4234375 0.6140625 0.046875 0.14140625
3 0.4515625 0.6046875 0.040625 0.13984375
3 0.45859375 0.43359375 0.02421875 0.11796875
5 0.21171875 0.3984375 0.0390625 0.10078125
3 0.51640625 0.53984375 0.0328125 0.1453125
3 0.54921875 0.5359375 0.040625 0.15234375
3 0.51015625 0.425 0.03125 0.1203125
3 0.54375 0.41484375 0.03828125 0.09296875
3 0.57265625 0.4171875 0.03359375 0.09765625
6 0.3859375 0.32890625 0.01875 0.06328125
6 0.40859375 0.33203125 0.02265625 0.075
6 0.43046875 0.33203125 0.01953125 0.06796875
1 0.46640625 0.32421875 0.01640625 0.0609375
1 0.4875 0.3171875 0.01796875 0.05546875
1 0.50625 0.3078125 0.0140625 0.03671875
1 0.5203125 0.30625 0.01640625 0.03828125
1 0.5390625 0.3015625 0.0203125 0.03984375
6 0.5671875 0.29765625 0.02421875 0.04140625
6 0.590625 0.29453125 0.0171875 0.0421875
6 0.6265625 0.29375 0.01953125 0.040625
6 0.6515625 0.2921875 0.01953125 0.03203125
5 0.86171875 0.52734375 0.03984375 0.10703125
2 0.67265625 0.3390625 0.01875 0.03671875
0 0.40703125 0.60390625 0.01328125 0.01953125