6 0.25546875 0.36484375 0.02890625 0.0890625
6 0.16015625 0.31796875 0.02109375 0.06796875
1 0.30234375 0.3421875 0.025 0.0734375
6 0.27890625 0.346875 0.0203125 0.06953125
1 0.33984375 0.34296875 0.021875 0.06875
1 0.3640625 0.34140625 0.021875 0.06796875
1 0.38359375 0.34375 0.02421875 0.06640625
1 0.4140625 0.32265625 0.02109375 0.03359375
6 0.45625 0.32109375 0.01953125 0.03515625
1 0.49296875 0.31796875 0.01796875 0.03828125
7 0.63671875 0.29765625 0.02109375 0.06171875
2 0.66171875 0.3484375 0.025 0.034375
7 0.97578125 0.37265625 0.02578125 0.0734375
7 0.546875 0.953125 0.06015625 0.09296875
7 0.05703125 0.9796875 0.05 0.040625
7 0.3109375 0.2609375 0.0171875 0.05390625