3 0.39375 0.64609375 0.07890625 0.15390625
3 0.18984375 0.43046875 0.059375 0.12578125
5 0.215625 0.39296875 0.0234375 0.08203125
6 0.290625 0.35859375 0.01796875 0.0890625
3 0.396875 0.43203125 0.0421875 0.11484375
3 0.30234375 0.49375 0.06328125 0.1390625
3 0.41484375 0.5125 0.04765625 0.13203125
3 0.509375 0.46796875 0.0390625 0.11328125
3 0.51171875 0.3859375 0.025 0.06015625
3 0.53671875 0.40625 0.03359375 0.128125
3 0.634375 0.5171875 0.04453125 0.1171875
3 0.65234375 0.63828125 0.06875 0.14765625
6 0.26484375 0.34765625 0.0203125 0.07265625
1 0.31953125 0.33828125 0.02578125 0.07734375
1 0.340625 0.34296875 0.02265625 0.07578125
1 0.359375 0.3421875 0.025 0.06640625
1 0.378125 0.3390625 0.02265625 0.065625
1 0.3953125 0.3328125 0.02109375 0.053125
1 0.4921875 0.31640625 0.0203125 0.03515625
7 0.3046875 0.259375 0.01875 0.05
7 0.190625 0.2765625 0.01875 0.03828125
7 0.54765625 0.95390625 0.0609375 0.0921875
5 0.6453125 0.378125 0.02109375 0.09609375
2 0.66328125 0.34765625 0.0171875 0.03828125
4 0.734375 0.4015625 0.0265625 0.05546875
4 0.853125 0.49296875 0.0359375 0.05
7 0.88828125 0.41328125 0.01875 0.08828125
7 0.971875 0.35703125 0.02265625 0.071875
0 0.51953125 0.37421875 0.01015625 0.015625